FVCD-net 验证结果分析 - 20250503_122639
用户: Placebo303

=== 总体性能统计 ===
总样本数: 626
平均PSNR: 36.300183386581466
平均SSIM: 0.8873523961661343
PSNR范围: 24.78 - 49.32
SSIM范围: 0.5105 - 0.9669
PSNR标准差: 4.986991930049572
SSIM标准差: 0.07248484621111645

=== 按类型统计性能 ===
               psnr                              ssim                        
               mean     std      min      max    mean     std     min     max
image_type                                                                   
Data001     42.5377  2.0016  40.2823  44.1028  0.9398  0.0045  0.9347  0.9435
Data002     42.5377  2.0016  40.2823  44.1028  0.9398  0.0045  0.9347  0.9435
Data003     40.3655  2.8568  37.4401  43.1483  0.9297  0.0182  0.9134  0.9493
Data004     40.3655  2.8568  37.4401  43.1483  0.9297  0.0182  0.9134  0.9493
Data005     46.2264  3.4480  42.6267  49.3232  0.9463  0.0174  0.9229  0.9638
Data006     46.2264  3.4480  42.6267  49.3232  0.9463  0.0174  0.9229  0.9638
Data007     40.3655  2.8568  37.4401  43.1483  0.9297  0.0182  0.9134  0.9493
Data008     40.3655  2.8568  37.4401  43.1483  0.9297  0.0182  0.9134  0.9493
Data009     40.1124  2.5919  37.6238  42.7966  0.9301  0.0177  0.9134  0.9486
Data010     40.1124  2.5919  37.6238  42.7966  0.9301  0.0177  0.9134  0.9486
Data011     40.3655  2.8568  37.4401  43.1483  0.9297  0.0182  0.9134  0.9493
Data012     40.3655  2.8568  37.4401  43.1483  0.9297  0.0182  0.9134  0.9493
Data013     38.9484  2.3618  36.1272  41.8331  0.9022  0.0097  0.8891  0.9126
Data014     38.9484  2.3618  36.1272  41.8331  0.9022  0.0097  0.8891  0.9126
Data015     36.5362  2.1178  34.9056  39.6422  0.9141  0.0224  0.8896  0.9425
Data016     36.5362  2.1178  34.9056  39.6422  0.9141  0.0224  0.8896  0.9425
Data017     36.2819  2.8032  33.3630  38.9530  0.9243  0.0224  0.9059  0.9493
Data018     36.2819  2.8032  33.3630  38.9530  0.9243  0.0224  0.9059  0.9493
Data019     36.5362  2.1178  34.9056  39.6422  0.9141  0.0224  0.8896  0.9425
Data020     36.5362  2.1178  34.9056  39.6422  0.9141  0.0224  0.8896  0.9425
Data021     40.5528  5.0370  34.7394  43.6141  0.9144  0.0255  0.8955  0.9434
Data022     40.5528  5.0370  34.7394  43.6141  0.9144  0.0255  0.8955  0.9434
Data023     36.5362  2.1178  34.9056  39.6422  0.9141  0.0224  0.8896  0.9425
Data024     36.5362  2.1178  34.9056  39.6422  0.9141  0.0224  0.8896  0.9425
Data025     29.3126  4.9656  25.5163  34.9321  0.8882  0.0319  0.8636  0.9243
Data026     29.3126  4.9656  25.5163  34.9321  0.8882  0.0319  0.8636  0.9243
Data027     32.6640  5.7641  24.7783  38.2069  0.9001  0.0426  0.8397  0.9340
Data028     32.6640  5.7641  24.7783  38.2069  0.9001  0.0426  0.8397  0.9340
Data029     34.5405  5.9176  26.0610  39.3562  0.9035  0.0453  0.8461  0.9451
Data030     34.5405  5.9176  26.0610  39.3562  0.9035  0.0453  0.8461  0.9451
Data031     32.7500  5.0856  25.7543  37.5369  0.9019  0.0402  0.8455  0.9351
Data032     32.7500  5.0856  25.7543  37.5369  0.9019  0.0402  0.8455  0.9351
Data033     34.3095  1.3034  32.8537  35.3681  0.9020  0.0332  0.8659  0.9311
Data034     34.3095  1.3034  32.8537  35.3681  0.9020  0.0332  0.8659  0.9311
Data035     32.5614  5.1793  25.5790  37.5369  0.9004  0.0417  0.8423  0.9351
Data036     32.5614  5.1793  25.5790  37.5369  0.9004  0.0417  0.8423  0.9351
Data037     31.4068  1.0593  30.6577  32.1558  0.9046  0.0142  0.8946  0.9147
Data038     31.4068  1.0593  30.6577  32.1558  0.9046  0.0142  0.8946  0.9147
Data039     34.5078  3.0755  32.4643  38.0449  0.9243  0.0107  0.9121  0.9322
Data040     34.5078  3.0755  32.4643  38.0449  0.9243  0.0107  0.9121  0.9322
Data041     36.5876  0.9736  35.5577  37.4929  0.9212  0.0387  0.8847  0.9617
Data042     36.5876  0.9736  35.5577  37.4929  0.9212  0.0387  0.8847  0.9617
Data043     38.2702  3.0821  34.9443  41.0301  0.9330  0.0056  0.9266  0.9370
Data044     38.2702  3.0821  34.9443  41.0301  0.9330  0.0056  0.9266  0.9370
Data045     41.9855  7.0333  34.8692  48.9327  0.9291  0.0205  0.9085  0.9494
Data046     41.9855  7.0333  34.8692  48.9327  0.9291  0.0205  0.9085  0.9494
Data047     38.2212  3.1617  34.7971  41.0301  0.9325  0.0051  0.9266  0.9355
Data048     38.2212  3.1617  34.7971  41.0301  0.9325  0.0051  0.9266  0.9355
Data049     34.3006  5.5094  29.3162  39.4032  0.8585  0.0251  0.8337  0.8833
Data050     34.3006  5.5094  29.3162  39.4032  0.8585  0.0251  0.8337  0.8833
Data051     39.6391  0.5054  39.1582  40.2802  0.8911  0.0291  0.8695  0.9334
Data052     39.6391  0.5054  39.1582  40.2802  0.8911  0.0291  0.8695  0.9334
Data053     36.8185  5.1839  30.8709  40.3777  0.8512  0.0437  0.8066  0.8940
Data054     36.8185  5.1839  30.8709  40.3777  0.8512  0.0437  0.8066  0.8940
Data055     39.6391  0.5054  39.1582  40.2802  0.8911  0.0291  0.8695  0.9334
Data056     39.6391  0.5054  39.1582  40.2802  0.8911  0.0291  0.8695  0.9334
Data057     36.3611  4.8956  30.7150  39.4258  0.8513  0.0375  0.8122  0.8869
Data058     36.3611  4.8956  30.7150  39.4258  0.8513  0.0375  0.8122  0.8869
Data059     39.6391  0.5054  39.1582  40.2802  0.8911  0.0291  0.8695  0.9334
Data060     39.6391  0.5054  39.1582  40.2802  0.8911  0.0291  0.8695  0.9334
Data061     34.1946  2.1055  32.0154  36.2176  0.8858  0.0063  0.8789  0.8912
Data062     34.1946  2.1055  32.0154  36.2176  0.8858  0.0063  0.8789  0.8912
Data063     34.1635  3.0173  31.2260  37.2548  0.8813  0.0223  0.8649  0.9067
Data064     34.1635  3.0173  31.2260  37.2548  0.8813  0.0223  0.8649  0.9067
Data065     34.2970  3.0703  31.1845  37.3232  0.8843  0.0214  0.8656  0.9076
Data066     34.2970  3.0703  31.1845  37.3232  0.8843  0.0214  0.8656  0.9076
Data067     34.1635  3.0173  31.2260  37.2548  0.8813  0.0223  0.8649  0.9067
Data068     34.1635  3.0173  31.2260  37.2548  0.8813  0.0223  0.8649  0.9067
Data069     34.0623  2.3652  31.6298  36.3540  0.8807  0.0105  0.8694  0.8902
Data070     34.0623  2.3652  31.6298  36.3540  0.8807  0.0105  0.8694  0.8902
Data071     34.1635  3.0173  31.2260  37.2548  0.8813  0.0223  0.8649  0.9067
Data072     34.1635  3.0173  31.2260  37.2548  0.8813  0.0223  0.8649  0.9067
Data073     41.8793  6.6581  35.4311  47.7521  0.7334  0.0899  0.6148  0.8266
Data074     41.8793  6.6581  35.4311  47.7521  0.7334  0.0899  0.6148  0.8266
Data075     37.8779  4.9897  31.9232  42.8784  0.6600  0.1011  0.5105  0.7342
Data076     37.8779  4.9897  31.9232  42.8784  0.6600  0.1011  0.5105  0.7342
Data077     40.2079  5.0485  34.4210  43.7104  0.6912  0.0994  0.5876  0.7857
Data078     40.2079  5.0485  34.4210  43.7104  0.6912  0.0994  0.5876  0.7857
Data079     37.8779  4.9897  31.9232  42.8784  0.6600  0.1011  0.5105  0.7342
Data080     37.8779  4.9897  31.9232  42.8784  0.6600  0.1011  0.5105  0.7342
Data081     37.8061  4.8494  31.9665  42.6971  0.6586  0.0987  0.5135  0.7343
Data082     37.8061  4.8494  31.9665  42.6971  0.6586  0.0987  0.5135  0.7343
Data083     37.8779  4.9897  31.9232  42.8784  0.6600  0.1011  0.5105  0.7342
Data084     37.8779  4.9897  31.9232  42.8784  0.6600  0.1011  0.5105  0.7342
Data085     38.1723  2.5944  36.1237  41.8536  0.9218  0.0210  0.9029  0.9512
Data086     38.1723  2.5944  36.1237  41.8536  0.9218  0.0210  0.9029  0.9512
Data087     37.1255  4.1236  32.5016  40.4216  0.9304  0.0055  0.9242  0.9345
Data088     37.1255  4.1236  32.5016  40.4216  0.9304  0.0055  0.9242  0.9345
Data089     39.6059  3.6591  34.8085  42.5771  0.9394  0.0105  0.9251  0.9494
Data090     39.6059  3.6591  34.8085  42.5771  0.9394  0.0105  0.9251  0.9494
Data091     37.1255  4.1236  32.5016  40.4216  0.9304  0.0055  0.9242  0.9345
Data092     37.1255  4.1236  32.5016  40.4216  0.9304  0.0055  0.9242  0.9345
Data093     38.4318  4.1405  34.2848  42.5657  0.9320  0.0123  0.9178  0.9396
Data094     38.4318  4.1405  34.2848  42.5657  0.9320  0.0123  0.9178  0.9396
Data095     37.1255  4.1236  32.5016  40.4216  0.9304  0.0055  0.9242  0.9345
Data096     37.1255  4.1236  32.5016  40.4216  0.9304  0.0055  0.9242  0.9345
Data097     32.1414  2.7361  29.0515  35.7179  0.8690  0.0646  0.7739  0.9127
Data098     32.1414  2.7361  29.0515  35.7179  0.8690  0.0646  0.7739  0.9127
Data099     30.8964  1.9749  29.4999  32.2928  0.8267  0.0515  0.7903  0.8631
Data100     30.8964  1.9749  29.4999  32.2928  0.8267  0.0515  0.7903  0.8631
Data101     35.4396  5.3706  31.6420  39.2372  0.8672  0.0484  0.8330  0.9015
Data102     35.4396  5.3706  31.6420  39.2372  0.8672  0.0484  0.8330  0.9015
Data103     30.8964  1.9749  29.4999  32.2928  0.8267  0.0515  0.7903  0.8631
Data104     30.8964  1.9749  29.4999  32.2928  0.8267  0.0515  0.7903  0.8631
Data105     30.8233  1.1112  29.8567  32.0374  0.8380  0.0479  0.7972  0.8908
Data106     30.8233  1.1112  29.8567  32.0374  0.8380  0.0479  0.7972  0.8908
Data107     30.8964  1.9749  29.4999  32.2928  0.8267  0.0515  0.7903  0.8631
Data108     30.8964  1.9749  29.4999  32.2928  0.8267  0.0515  0.7903  0.8631
Data109     33.3024  1.2936  31.5045  34.3084  0.9056  0.0120  0.8914  0.9163
Data110     33.3024  1.2936  31.5045  34.3084  0.9056  0.0120  0.8914  0.9163
Data111     33.7759  1.9307  31.3560  35.8821  0.9039  0.0279  0.8674  0.9274
Data112     33.7759  1.9307  31.3560  35.8821  0.9039  0.0279  0.8674  0.9274
Data113     39.1911  7.1053  30.9708  46.3883  0.9116  0.0250  0.8803  0.9341
Data114     39.1911  7.1053  30.9708  46.3883  0.9116  0.0250  0.8803  0.9341
Data115     33.7759  1.9307  31.3560  35.8821  0.9039  0.0279  0.8674  0.9274
Data116     33.7759  1.9307  31.3560  35.8821  0.9039  0.0279  0.8674  0.9274
Data117     41.3022  5.9629  33.5603  47.3363  0.9146  0.0279  0.8857  0.9397
Data118     41.3022  5.9629  33.5603  47.3363  0.9146  0.0279  0.8857  0.9397
Data119     33.7759  1.9307  31.3560  35.8821  0.9039  0.0279  0.8674  0.9274
Data120     33.7759  1.9307  31.3560  35.8821  0.9039  0.0279  0.8674  0.9274
Data121     32.9667  1.3513  31.6839  34.3774  0.8927  0.0234  0.8691  0.9159
Data122     32.9667  1.3513  31.6839  34.3774  0.8927  0.0234  0.8691  0.9159
Data123     34.8099  3.8447  31.8443  40.4325  0.9000  0.0245  0.8789  0.9254
Data124     34.8099  3.8447  31.8443  40.4325  0.9000  0.0245  0.8789  0.9254
Data125     34.9312  1.9782  32.6581  37.3828  0.8972  0.0283  0.8628  0.9256
Data126     34.9312  1.9782  32.6581  37.3828  0.8972  0.0283  0.8628  0.9256
Data127     34.8099  3.8447  31.8443  40.4325  0.9000  0.0245  0.8789  0.9254
Data128     34.8099  3.8447  31.8443  40.4325  0.9000  0.0245  0.8789  0.9254
Data129     35.9111  5.2889  30.9493  43.2852  0.8920  0.0422  0.8323  0.9303
Data130     35.9111  5.2889  30.9493  43.2852  0.8920  0.0422  0.8323  0.9303
Data131     34.8099  3.8447  31.8443  40.4325  0.9000  0.0245  0.8789  0.9254
Data132     34.8099  3.8447  31.8443  40.4325  0.9000  0.0245  0.8789  0.9254
Data133     36.2074  2.2054  34.6479  37.7668  0.9150  0.0356  0.8899  0.9402
Data134     36.2074  2.2054  34.6479  37.7668  0.9150  0.0356  0.8899  0.9402
Data135     34.7146  0.8236  34.1322  35.2969  0.8895  0.0000  0.8895  0.8895
Data136     34.7146  0.8236  34.1322  35.2969  0.8895  0.0000  0.8895  0.8895
Data137     33.4865  0.6930  32.9965  33.9766  0.8902  0.0160  0.8789  0.9015
Data138     33.4865  0.6930  32.9965  33.9766  0.8902  0.0160  0.8789  0.9015
Data139     34.1684  0.6800  33.6876  34.6492  0.8809  0.0031  0.8787  0.8831
Data140     34.1684  0.6800  33.6876  34.6492  0.8809  0.0031  0.8787  0.8831
Data141     38.9924  6.1418  34.4529  45.9809  0.9241  0.0198  0.9044  0.9440
Data142     38.9924  6.1418  34.4529  45.9809  0.9241  0.0198  0.9044  0.9440
Data143     34.1684  0.6800  33.6876  34.6492  0.8809  0.0031  0.8787  0.8831
Data144     34.1684  0.6800  33.6876  34.6492  0.8809  0.0031  0.8787  0.8831
Data145     37.2479     NaN  37.2479  37.2479  0.9101     NaN  0.9101  0.9101
Data146     37.2479     NaN  37.2479  37.2479  0.9101     NaN  0.9101  0.9101
Data147     36.1750     NaN  36.1750  36.1750  0.9323     NaN  0.9323  0.9323
Data148     36.1750     NaN  36.1750  36.1750  0.9323     NaN  0.9323  0.9323
Data149     37.7253     NaN  37.7253  37.7253  0.9160     NaN  0.9160  0.9160
Data150     37.7253     NaN  37.7253  37.7253  0.9160     NaN  0.9160  0.9160
Data151     36.1750     NaN  36.1750  36.1750  0.9323     NaN  0.9323  0.9323
Data152     36.1750     NaN  36.1750  36.1750  0.9323     NaN  0.9323  0.9323
Data153     39.5865     NaN  39.5865  39.5865  0.9309     NaN  0.9309  0.9309
Data154     39.5865     NaN  39.5865  39.5865  0.9309     NaN  0.9309  0.9309
Data155     36.1750     NaN  36.1750  36.1750  0.9323     NaN  0.9323  0.9323
Data156     36.1750     NaN  36.1750  36.1750  0.9323     NaN  0.9323  0.9323
Data157     29.8291  1.4940  28.3022  31.8537  0.8856  0.0184  0.8629  0.9029
Data158     29.8291  1.4940  28.3022  31.8537  0.8856  0.0184  0.8629  0.9029
Data159     30.7684  3.3138  27.2215  34.7230  0.8942  0.0325  0.8602  0.9242
Data160     30.7684  3.3138  27.2215  34.7230  0.8942  0.0325  0.8602  0.9242
Data161     31.6010  2.3998  29.9714  35.1575  0.8804  0.0457  0.8231  0.9348
Data162     31.6010  2.3998  29.9714  35.1575  0.8804  0.0457  0.8231  0.9348
Data163     31.7876  2.9427  28.9328  35.7550  0.8968  0.0308  0.8643  0.9242
Data164     31.7876  2.9427  28.9328  35.7550  0.8968  0.0308  0.8643  0.9242
Data165     31.9029  2.4781  29.5165  34.7624  0.8799  0.0389  0.8457  0.9356
Data166     31.9029  2.4781  29.5165  34.7624  0.8799  0.0389  0.8457  0.9356
Data167     31.6759  2.9956  28.8636  35.7550  0.8948  0.0321  0.8605  0.9222
Data168     31.6759  2.9956  28.8636  35.7550  0.8948  0.0321  0.8605  0.9222
Data169     38.0687  5.6381  30.8438  44.5915  0.9157  0.0128  0.9010  0.9293
Data170     38.0687  5.6381  30.8438  44.5915  0.9157  0.0128  0.9010  0.9293
Data171     44.6228  6.5028  37.1576  49.0545  0.9353  0.0511  0.8763  0.9648
Data172     44.6228  6.5028  37.1576  49.0545  0.9353  0.0511  0.8763  0.9648
Data173     37.1206     NaN  37.1206  37.1206  0.8749     NaN  0.8749  0.8749
Data174     37.1206     NaN  37.1206  37.1206  0.8749     NaN  0.8749  0.8749
Data175     44.6228  6.5028  37.1576  49.0545  0.9353  0.0511  0.8763  0.9648
Data176     44.6228  6.5028  37.1576  49.0545  0.9353  0.0511  0.8763  0.9648
Data177     35.7898  4.2651  30.8929  38.6925  0.9123  0.0237  0.8883  0.9356
Data178     35.7898  4.2651  30.8929  38.6925  0.9123  0.0237  0.8883  0.9356
Data179     44.6228  6.5028  37.1576  49.0545  0.9353  0.0511  0.8763  0.9648
Data180     44.6228  6.5028  37.1576  49.0545  0.9353  0.0511  0.8763  0.9648
Data181     44.3172     NaN  44.3172  44.3172  0.9179     NaN  0.9179  0.9179
Data182     44.3172     NaN  44.3172  44.3172  0.9179     NaN  0.9179  0.9179
Data183     46.6437     NaN  46.6437  46.6437  0.9263     NaN  0.9263  0.9263
Data184     46.6437     NaN  46.6437  46.6437  0.9263     NaN  0.9263  0.9263
Data185     46.7075     NaN  46.7075  46.7075  0.9185     NaN  0.9185  0.9185
Data186     46.7075     NaN  46.7075  46.7075  0.9185     NaN  0.9185  0.9185
Data187     46.6437     NaN  46.6437  46.6437  0.9263     NaN  0.9263  0.9263
Data188     46.6437     NaN  46.6437  46.6437  0.9263     NaN  0.9263  0.9263
Data189     44.2934  4.2600  41.2812  47.3057  0.9406  0.0177  0.9281  0.9531
Data190     44.2934  4.2600  41.2812  47.3057  0.9406  0.0177  0.9281  0.9531
Data191     46.6437     NaN  46.6437  46.6437  0.9263     NaN  0.9263  0.9263
Data192     46.6437     NaN  46.6437  46.6437  0.9263     NaN  0.9263  0.9263
Data193     32.3387  1.7918  29.7722  33.6089  0.9293  0.0282  0.9018  0.9669
Data194     32.3387  1.7918  29.7722  33.6089  0.9293  0.0282  0.9018  0.9669
Data195     31.8995  2.5094  30.3195  34.7930  0.9168  0.0307  0.8832  0.9434
Data196     31.8995  2.5094  30.3195  34.7930  0.9168  0.0307  0.8832  0.9434
Data197     34.9923  3.6269  30.4465  38.2996  0.9070  0.0514  0.8316  0.9472
Data198     34.9923  3.6269  30.4465  38.2996  0.9070  0.0514  0.8316  0.9472
Data199     31.8995  2.5094  30.3195  34.7930  0.9168  0.0307  0.8832  0.9434
Data200     31.8995  2.5094  30.3195  34.7930  0.9168  0.0307  0.8832  0.9434
Data201     34.6802  3.4134  30.3316  37.5151  0.9056  0.0521  0.8296  0.9474
Data202     34.6802  3.4134  30.3316  37.5151  0.9056  0.0521  0.8296  0.9474
Data203     31.8995  2.5094  30.3195  34.7930  0.9168  0.0307  0.8832  0.9434
Data204     31.8995  2.5094  30.3195  34.7930  0.9168  0.0307  0.8832  0.9434